0 
0 
0 
0 
0 
0 
0 
0 
0 
0 
0 
0 
0 
0 
0 
0 
0 
0 
0 
0 
0 
0 
0 
0 
0 
0 
0 
0 
0 
0 
0 
0 
0 
0 
0 
0 
0 
0 
0 
0 
0 
0 
0 
0 
0 
0 
0 
0 
0 
0 
0 
0 
0 
0 
0 
0 
0 
0 
0 
0 
0 
0 
0 
0 
0 
0 
0 
2 
3 
0 
0 
0 
0 
0 
0 
0 
0 
0 
0 
0 
0 
0 
0 
0 
0 
0 
0 
0 
0 
0 
0 
0 
0 
0 
0 
0 
0 
0 
0 
0 
0 
0 
0 
0 
0 
0 
0 
0 
0 
0 
0 
0 
0 
0 
0 
0 
0 
0 
0 
0 
0 
0 
0 
0 
0 
0 
0 
0 
0 
0 
0 
0 
0 
0 
0 
7431083 
4622109 
5284650 
546778 
-4211987 
-7803121 
442173 
-704088 
-5682412 
8385266 
2551787 
5323249 
-5031252 
-3090919 
-6822996 
-1829621 
2188297 
3059087 
-8088590 
847544 
827251 
-4702859 
-3490284 
-8067568 
1836328 
-6897170 
-6951228 
7239168 
339659 
4401875 
-5205395 
6094963 
-3631732 
-3023635 
-51785 
2062832 
8300541 
4658353 
-6322978 
-3405217 
-4400667 
-8050250 
7683869 
-8220127 
4698747 
1486795 
7290331 
4590306 
7642279 
-2581235 
3050583 
-17354 
-6458566 
-540943 
1614648 
-8145685 
-2460070 
-7345148 
-3152483 
-1339126 
8319458 
3815481 
4277457 
857479 
21343 
6406612 
-234309 
0 
0 
0 
0 
0 
0 
0 
0 
0 
0 
0 
0 
0 
0 
0 
0 
0 
0 
0 
0 
0 
0 
0 
0 
0 
0 
0 
0 
0 
0 
0 
0 
0 
0 
0 
0 
0 
0 
0 
0 
0 
0 
0 
0 
0 
0 
0 
0 
0 
0 
0 
0 
0 
0 
0 
0 
0 
0 
0 
0 
0 
0 
0 
0 
0 
0 
0 
